31 Mar 2015,244
09 Apr 2015,316
25 Mar 2015,110
03 Apr 2015,190
03 May 2015,317
27 Feb 2015,49
15 Apr 2015,294
12 Apr 2015,230
13 Mar 2015,81
22 Mar 2015,113
06 May 2015,447
06 Apr 2015,177
24 Apr 2015,269
27 Apr 2015,287
01 Mar 2015,82
04 Mar 2015,59
10 Mar 2015,48
09 Mar 2015,68
06 Mar 2015,43
10 Apr 2015,278
13 Apr 2015,321
27 Mar 2015,178
12 Mar 2015,87
07 Apr 2015,317
02 May 2015,390
25 Apr 2015,276
02 Apr 2015,266
14 Apr 2015,325
16 Mar 2015,106
23 Mar 2015,82
11 Mar 2015,59
28 Mar 2015,187
08 May 2015,41
08 Apr 2015,251
05 Mar 2015,69
02 Mar 2015,89
26 Apr 2015,220
29 Apr 2015,321
08 Mar 2015,86
17 Mar 2015,96
29 Mar 2015,200
07 May 2015,269
01 May 2015,275
25 Feb 2015,14
04 Apr 2015,271
01 Apr 2015,239
30 Mar 2015,243
28 Feb 2015,137
24 Mar 2015,83
04 May 2015,360
16 Apr 2015,270
15 Mar 2015,90
18 Mar 2015,95
21 Mar 2015,151
26 Feb 2015,59
30 Apr 2015,332
28 Apr 2015,237
03 Mar 2015,46
07 Mar 2015,103
26 Mar 2015,137
20 Mar 2015,70
11 Apr 2015,298
19 Mar 2015,90
05 Apr 2015,131
05 May 2015,322
14 Mar 2015,170
23 Apr 2015,147
17 Apr 2015,49
